25 100
401
1 10
2 2 6 6 20 1744
2 9 2 12 20 1461
2 4 9 22 4 3780
2 4 5 13 2 2681
2 0 3 19 17 2711
2 2 0 22 18 1134
2 0 9 20 19 2601
2 4 6 15 11 177
3 3 9 2 -1
3 2 0 9 31
2 9 8 2 4 4383
3 0 2 6 74
2 3 7 21 13 3542
4 8 2 -1
3 1 9 17 -1
3 1 6 4 -1
3 9 3 4 80
4 3 2 -1
4 3 7 3542
3 7 8 0 -1
4 9 8 4383
3 0 1 22 -1
4 7 1 -1
4 4 2 5241
4 5 0 -1
2 8 6 3 9 4177
4 9 0 2595
4 0 2 4062
2 4 8 22 11 974
3 5 2 6 -1
4 6 7 -1
3 1 0 21 -1
3 6 7 1 -1
4 5 1 -1
2 0 7 7 19 3186
4 7 9 -1
3 3 6 22 -1
3 9 1 11 -1
4 4 1 -1
3 6 0 0 -1
4 3 0 -1
3 1 5 8 -1
2 9 1 22 16 2445
4 1 0 -1
2 6 5 22 16 2251
4 2 1 6180
3 1 5 1 -1
4 6 9 -1
3 3 1 14 -1
3 2 6 14 36
3 3 8 3 -1
4 4 7 9561
4 6 4 -1
3 2 8 8 70
4 6 7 -1
2 5 2 21 1 1380
3 7 0 16 -1
2 0 7 13 11 1742
2 9 5 16 9 966
4 5 3 5225
4 7 6 -1
3 4 0 20 44
4 8 0 8942
3 6 9 8 79
3 5 7 17 55
2 8 2 9 1 2113
4 3 6 -1
3 4 5 3 12
2 3 4 10 4 1197
3 7 8 14 -1
4 8 3 5958
4 0 1 5046
3 4 8 17 13
4 8 5 6108
3 9 1 17 21
3 4 8 15 15
4 8 0 3247
3 5 8 4 74
2 9 1 21 16 4682
2 8 5 13 23 4049
3 3 6 9 17
2 8 0 2 21 2802
4 1 2 -1
2 5 2 16 15 1316
2 1 0 16 1 3395
4 4 7 5518
2 0 8 14 10 1563
4 3 1 7422
2 9 5 23 12 2787
3 3 6 12 38
4 0 8 1563
4 0 1 5046
4 6 8 6264
4 0 3 2711
4 7 0 -1
4 1 8 4958
4 4 3 6487
2 6 4 5 11 1406
3 6 9 2 24
3 6 1 3 58
3 1 2 2 56
2 7 0 22 14 1699
4 8 9 5403
4 0 2 3676
3 2 0 5 35
4 0 9 2601
2 9 7 19 10 3206
3 4 3 13 47
4 6 2 3567
2 5 9 5 12 3572
4 5 9 3572
3 0 6 15 45
4 9 8 4158
3 8 7 8 64
4 7 8 3262
4 3 1 7422
4 9 7 3206
4 5 8 4013
3 4 6 5 21
4 4 5 2428
2 6 0 16 12 479
4 2 5 3995
4 6 3 3190
4 8 1 7848
4 3 0 1853
4 2 0 1134
3 0 2 15 43
2 0 4 1 11 3273
3 4 3 14 70
4 3 4 1197
4 5 3 5161
4 1 5 6962
4 7 3 4410
2 7 1 16 3 1796
3 3 7 11 23
2 8 2 0 3 4984
3 3 0 16 44
3 0 6 13 23
2 0 9 2 8 1204
4 0 4 3273
4 2 1 4672
4 7 5 3869
3 9 8 18 12
4 3 4 1197
4 0 2 2665
4 2 7 2876
4 6 1 4017
2 7 3 5 1 3655
4 0 5 2170
3 3 9 15 35
3 8 0 14 33
3 8 2 5 5
4 4 2 3087
3 0 1 8 35
4 8 5 4049
3 4 5 7 8
3 9 8 19 11
4 9 1 2445
3 8 5 5 31
3 3 7 1 33
3 6 0 21 31
3 3 9 19 31
2 6 4 7 1 3145
3 0 6 16 34
4 7 1 1796
2 6 0 21 23 3554
3 5 4 8 48
4 6 4 1406
3 9 8 0 6
2 6 8 16 16 2728
2 2 4 11 8 1766
3 5 8 8 46
3 7 2 9 42
4 4 7 2398
3 5 0 21 19
4 5 7 4192
4 4 2 3087
3 3 1 0 43
2 4 9 23 11 954
4 8 7 4544
3 7 5 4 35
3 1 8 8 40
2 7 8 2 17 4813
3 4 2 10 12
2 5 3 20 3 17
3 9 6 23 37
3 4 8 13 17
3 3 4 5 9
2 9 2 23 8 3463
4 7 5 3869
4 2 4 1766
2 0 9 5 11 3267
2 5 8 9 9 2127
4 5 0 1870
4 4 8 974
2 1 7 23 12 3329
2 9 3 20 4 2744
4 5 1 4613
4 6 1 4017
3 3 1 21 22
4 3 5 3117
3 9 5 0 25
2 6 3 0 5 4971
2 6 0 22 10 40
4 6 0 40
3 2 0 17 23
4 7 0 1699
4 5 4 1214
2 0 5 3 22 4666
4 7 2 4364
3 6 4 9 23
3 9 7 8 21
4 1 0 3395
2 8 7 13 14 1704
4 4 8 974
2 5 7 8 22 1052
4 3 4 1197
4 6 5 2210
3 8 0 18 29
3 6 8 16 16
3 7 6 21 29
2 2 7 18 7 2100
2 9 2 2 12 2329
3 2 0 2 38
4 7 4 4852
4 1 9 4599
3 3 8 19 35
2 8 3 0 9 1559
3 4 2 6 16
4 8 3 1559
4 8 1 3500
3 2 9 6 20
3 3 6 1 25
2 4 8 3 13 2738
3 5 8 19 23
3 3 5 6 33
3 5 2 10 12
4 3 8 2171
4 6 5 2210
3 3 8 6 24
3 6 9 19 31
4 2 0 1134
3 2 9 1 25
3 7 5 0 39
4 5 2 1316
2 4 9 3 22 4987
4 8 7 1704
3 2 9 1 25
2 7 9 15 3 4318
3 7 9 22 20
2 1 0 22 16 2139
2 8 3 11 9 1466
4 4 8 974
4 8 9 3617
3 6 8 11 21
4 7 4 4852
4 3 5 3117
4 5 6 1391
3 3 0 23 53
4 4 1 3399
4 9 7 2018
4 2 0 1134
2 7 3 9 2 1070
2 1 4 22 16 2144
2 8 0 11 3 3510
2 7 3 6 5 715
2 5 1 18 6 4852
4 3 9 2151
4 7 0 1699
4 5 7 1052
4 8 2 2113
2 7 4 4 15 2567
4 6 8 1603
3 9 4 13 25
4 1 7 3329
3 3 4 23 15
3 2 9 20 30
4 7 4 1912
2 3 9 2 1 3236
4 3 1 4596
4 3 1 4596
2 6 3 8 14 774
2 1 7 15 12 45
3 9 8 6 24
2 9 2 21 23 4189
4 3 7 3156
3 7 5 1 34
2 2 6 13 12 229
3 4 0 7 31
4 7 3 715
4 7 2 4327
3 7 1 10 9
2 8 3 5 2 2062
3 1 7 14 13
2 1 6 20 12 1345
3 0 3 10 20
4 9 0 1730
4 1 6 1345
4 7 8 2886
3 7 5 5 30
3 0 9 11 23
3 3 6 14 36
3 5 2 6 16
4 4 2 2415
4 9 1 2445
3 0 7 23 25
2 2 9 22 23 3685
2 3 6 0 3 2762
3 1 3 1 29
2 9 8 19 16 3267
3 2 5 9 30
3 9 5 19 16
4 5 2 1316
4 0 4 3273
3 5 8 14 28
2 0 9 8 23 4355
3 0 2 19 27
3 2 4 2 17
2 2 1 15 5 1373
4 0 4 3273
3 6 8 7 23
3 0 5 18 21
2 8 7 4 20 997
2 6 8 18 16 4861
3 9 7 11 18
3 9 0 21 17
2 8 6 4 15 1451
3 9 8 17 13
2 9 7 8 16 2527
2 3 5 6 22 2106
2 3 8 4 10 2147
2 3 1 10 10 2112
2 6 8 0 16 239
3 2 1 16 27
3 9 7 14 15
2 2 5 20 23 1220
3 7 2 23 28
3 1 3 16 20
4 1 8 1584
3 6 8 2 28
4 5 7 1052
3 9 8 1 5
3 9 0 17 21
4 7 5 2821
2 8 1 10 6 4330
4 7 1 1796
2 5 2 9 17 3674
4 0 7 1742
4 1 2 3697
2 3 9 7 14 2100
3 3 7 16 18
3 5 7 20 28
4 6 1 2886
3 3 8 10 20
4 9 4 2180
3 5 1 5 19
2 9 7 13 12 4506
2 3 8 13 23 795
3 8 2 17 10
3 8 9 10 17
4 1 8 1555
3 7 2 15 16
3 9 2 9 22
3 6 8 2 28
3 3 9 23 4
4 2 3 1003
3 8 4 7 12
4 1 4 1957
3 0 7 0 24
3 5 9 20 7
3 7 3 20 10
4 2 4 1635
4 7 8 1510
4 5 3 17
3 3 8 17 21
4 2 6 229
3 2 7 4 21
3 1 6 16 16
4 3 4 1197
3 3 0 18 34
3 5 2 0 22
4 3 1 2112
3 2 9 11 15
4 6 9 1244
2 0 4 3 22 1057
2 4 3 10 9 1680
2 0 9 20 4 4773
3 8 5 18 41
4 6 1 2886
4 2 1 1373
4 5 1 2129
2 1 8 16 8 1183
3 1 3 1 29
3 9 3 12 12
3 0 1 11 29
3 3 8 4 10
2 6 7 11 8 4785
4 3 8 795
4 7 4 1912
2 1 0 3 15 3671