25 100
100
1 26 3
2346 2607
3776 6925
3574 5179
2 794471794 8311 168 0
2 639546083 1572 929 0
2 6984528 781 5942 2
2 8207305 7954 8711 1
2 8911646 8355 7076 1
2 2976735 784 1757 0
2 2166108 2457 6930 1
2 2144677 6110 4003 2
2 9132042 8431 7328 1
2 8144283 9228 9673 1
2 4963624 3029 5358 2
4 1 5
2 179349311 6080 2317 0
4 0 4
3 8911646 1
2 663192 1941 6318 1
4 1 5
2 7771631 6176 9805 1
2 2136364 4633 6802 1
2 3107125 6862 5363 2
4 2 4
3 8144283 1
2 928278 5307 1244 0
3 794471794 0
2 5961189 6702 2819 0
3 6984528 2
3 2144677 2
4 1 6
2 8145676 7417 9618 1
3 179349311 0
2 7410995 2836 3713 0
2 9669600 8109 9174 1
2 8358041 6546 631 0
4 2 2
2 8223732 9521 1146 0
4 2 2
2 8160571 1756 6233 1
2 1151304 7077 1886 0
2 3217377 7338 8671 1
2 2048342 3675 8940 1
2 8892727 6024 7877 1
2 2606548 7617 5274 2
2 8640445 8262 2555 0
4 0 9
2 8052264 3957 5710 2
4 1 12
2 9437119 7296 2429 0
2 5747260 5193 2 0
2 1916549 9406 8467 1
2 8242666 8591 8864 1
3 3217377 1
2 616841 5186 7079 1
2 6555230 611 4164 0
3 8145676 1
2 689679053 3062 1691 0
2 5339410 631 6264 1
2 6681731 8036 1681 0
2 1609584 6653 6534 1
2 7877097 9010 5127 2
4 2 5
2 436868 6929 90 0
2 958168877 9030 8859 1
2 9574642 8119 5384 2
2 4247907 8292 8721 1
2 8494032 1037 8470 1
2 8563017 6770 7575 1
2 7558174 6259 2356 0
3 8640445 0
2 593429389 8694 2155 0
2 5265618 8247 6776 1
2 6288323 8772 6849 1
3 1151304 0
2 6264006 7195 7196 1
2 153447 9512 8981 1
2 2287812 6657 9578 1
2 9589229 7366 7835 1
2 3818802 3303 1304 0
2 7337251 3092 8097 1
2 7818128 6333 1286 0
2 9192201 8002 2887 0
2 59782878 1587 1524 0
2 365343 2064 7245 1
2 348008348 921 6386 1
2 89593061 318 1907 0
2 9865290 4047 3520 2
3 5339410 1
2 6023017 8562 807 0
2 2674110 3539 3828 2
2 623947007 3344 3437 0
2 5606524 8857 4402 2
2 8302661 590 9747 1
3 2166108 1
2 7074128 6733 5878 2
2 2570953 9938 7831 1
3 8302661 1
2 1474404 9249 5418 2
2 491661 4134 5211 2
2 8527314 6471 6904 1
3 9865290 2